ShortPlatform:-3.039877:-0.09569359:0:1.5:1:1
ShortPlatform:3.803678:-0.04784679:0:1.5:1:1
ShortPlatform:-0.3598848:4.019138:0:1.5:1:1
ShortPlatform:-0.1684564:-1.913876:0:1.5:1:1
