FinalPlatform:0:4.087378:0:4.5:1:1
LongPlatform:-0.698498:-2.041263:0:4.5:1:1
LongPlatform:-0.5772313:1.538835:0:4.5:1:1
