LongPlatform:-4.292774:-1.435407:0:5.048702:1:1
LongPlatform:3.334438:-1.345694:0:5.048702:1:1
LongPlatform:-0.4642128:1.345694:0:5.048702:1:1
