LongPlatform:0:-1.566748:0:14:1:1
FinalPlatform:0:2.074029:0:14:1:1
Grass:0.6971382:-0.777913:0:0.2607597:0.2106998:1
